[(301, (99, 99, 99))]
[(301, (255, 255, 255))]
[(301, (50, 50, 50))]
[(301, (0, 0, 0))]
[(301, (121, 121, 121))]
[(301, (255, 255, 255))]
[(301, (0, 0, 0))]
[(301, (255, 255, 255))]
[(301, (255, 255, 255))]
[(301, (0, 0, 0))]
[(301, (0, 0, 0))]
[(301, (0, 0, 0))]
[(301, (183, 183, 183))]
[(301, (255, 255, 255))]
[(301, (0, 0, 0))]
[(301, (0, 0, 0))]
[(301, (255, 255, 255))]
[(301, (255, 255, 255))]
[(301, (177, 177, 177))]
[(301, (255, 255, 255))]
[(301, (0, 0, 0))]
[(301, (176, 176, 176))]
[(301, (0, 0, 0))]
[(301, (217, 217, 217))]
[(301, (249, 249, 249))]
[(301, (255, 255, 255))]
[(301, (72, 72, 72))]
[(301, (255, 255, 255))]
[(301, (30, 30, 30))]
[(301, (182, 182, 182))]
[(301, (87, 87, 87))]
[(301, (0, 0, 0))]
[(301, (0, 0, 0))]
[(301, (116, 116, 116))]
[(301, (81, 81, 81))]
[(301, (29, 29, 29))]
[(301, (255, 255, 255))]
[(301, (197, 197, 197))]
[(301, (0, 0, 0))]
[(301, (138, 138, 138))]
[(301, (194, 194, 194))]
[(301, (0, 0, 0))]
[(301, (198, 198, 198))]
[(301, (255, 255, 255))]
[(301, (219, 219, 219))]
[(301, (0, 0, 0))]
[(301, (255, 255, 255))]
[(301, (0, 0, 0))]
[(301, (0, 0, 0))]
[(301, (255, 255, 255))]
[(301, (160, 160, 160))]
[(301, (0, 0, 0))]
[(301, (255, 255, 255))]
[(301, (255, 255, 255))]
[(301, (255, 255, 255))]
[(301, (35, 35, 35))]
[(301, (252, 252, 252))]
[(301, (255, 255, 255))]
[(301, (0, 0, 0))]
[(301, (139, 139, 139))]
[(301, (225, 225, 225))]
[(301, (161, 161, 161))]
[(301, (255, 255, 255))]
[(301, (255, 255, 255))]
[(301, (0, 0, 0))]
[(301, (254, 254, 254))]
[(301, (44, 44, 44))]
[(301, (66, 66, 66))]
[(301, (97, 97, 97))]
[(301, (255, 255, 255))]
[(301, (48, 48, 48))]
[(301, (0, 0, 0))]
[(301, (0, 0, 0))]
[(301, (255, 255, 255))]
[(301, (124, 124, 124))]
[(301, (255, 255, 255))]
[(301, (255, 255, 255))]
[(301, (0, 0, 0))]
[(301, (174, 174, 174))]
[(301, (223, 223, 223))]
[(301, (193, 193, 193))]
[(301, (251, 251, 251))]
[(301, (0, 0, 0))]
[(301, (255, 255, 255))]
[(301, (173, 173, 173))]
[(301, (61, 61, 61))]
[(301, (255, 255, 255))]
[(301, (255, 255, 255))]
[(301, (255, 255, 255))]
[(301, (0, 0, 0))]
[(301, (80, 80, 80))]
[(301, (0, 0, 0))]
[(301, (0, 0, 0))]
[(301, (255, 255, 255))]
[(301, (175, 175, 175))]
[(301, (73, 73, 73))]
[(301, (39, 39, 39))]
[(301, (255, 255, 255))]
[(301, (255, 255, 255))]
[(301, (255, 255, 255))]
[(301, (144, 144, 144))]
[(301, (55, 55, 55))]
[(301, (138, 138, 138))]
[(301, (0, 0, 0))]
[(301, (0, 0, 0))]
[(301, (0, 0, 0))]
[(301, (171, 171, 171))]
[(301, (0, 0, 0))]
[(301, (0, 0, 0))]
[(301, (255, 255, 255))]
[(301, (0, 0, 0))]
[(301, (255, 255, 255))]
[(301, (255, 255, 255))]
[(301, (0, 0, 0))]
[(301, (178, 178, 178))]
[(301, (255, 255, 255))]
[(301, (0, 0, 0))]
[(301, (136, 136, 136))]
[(301, (0, 0, 0))]
[(301, (255, 255, 255))]
[(301, (31, 31, 31))]
[(301, (85, 85, 85))]
[(301, (79, 79, 79))]
[(301, (202, 202, 202))]
[(301, (0, 0, 0))]
[(301, (255, 255, 255))]
[(301, (255, 255, 255))]
[(301, (170, 170, 170))]
[(301, (178, 178, 178))]
[(301, (34, 34, 34))]
[(301, (255, 255, 255))]
[(301, (255, 255, 255))]
[(301, (255, 255, 255))]
[(301, (0, 0, 0))]
[(301, (227, 227, 227))]
[(301, (255, 255, 255))]
[(301, (124, 124, 124))]
[(301, (0, 0, 0))]
[(301, (255, 255, 255))]
[(301, (0, 0, 0))]
[(301, (255, 255, 255))]
[(301, (0, 0, 0))]
[(301, (83, 83, 83))]
[(301, (29, 29, 29))]
[(301, (0, 0, 0))]
[(301, (196, 196, 196))]
[(301, (255, 255, 255))]
[(301, (118, 118, 118))]
[(301, (202, 202, 202))]
[(301, (186, 186, 186))]
[(301, (206, 206, 206))]
[(301, (0, 0, 0))]
[(301, (200, 200, 200))]
[(301, (255, 255, 255))]
[(301, (0, 0, 0))]
[(301, (11, 11, 11))]
[(301, (29, 29, 29))]
[(301, (255, 255, 255))]
[(301, (214, 214, 214))]
[(301, (83, 83, 83))]
[(301, (0, 0, 0))]
[(301, (255, 255, 255))]
[(301, (255, 255, 255))]
[(301, (255, 255, 255))]
[(301, (0, 0, 0))]
[(301, (0, 0, 0))]
[(301, (255, 255, 255))]
[(301, (137, 137, 137))]
[(301, (68, 68, 68))]
[(301, (145, 145, 145))]
[(301, (0, 0, 0))]
[(301, (255, 255, 255))]
[(301, (255, 255, 255))]
[(301, (244, 244, 244))]
[(301, (255, 255, 255))]
[(301, (0, 0, 0))]
[(301, (255, 255, 255))]
[(301, (0, 0, 0))]
[(301, (255, 255, 255))]
[(301, (0, 0, 0))]
[(301, (0, 0, 0))]
[(301, (0, 0, 0))]
[(301, (14, 14, 14))]
[(301, (0, 0, 0))]
[(301, (124, 124, 124))]
[(301, (255, 255, 255))]
[(301, (255, 255, 255))]
[(301, (0, 0, 0))]
[(301, (0, 0, 0))]
[(301, (231, 231, 231))]
[(301, (0, 0, 0))]
[(301, (114, 114, 114))]
[(301, (120, 120, 120))]
[(301, (0, 0, 0))]
[(301, (0, 0, 0))]
[(301, (146, 146, 146))]
[(301, (255, 255, 255))]
[(301, (255, 255, 255))]
[(301, (190, 190, 190))]
[(301, (164, 164, 164))]
[(301, (0, 0, 0))]
[(301, (117, 117, 117))]
[(301, (0, 0, 0))]
[(301, (0, 0, 0))]
[(301, (0, 0, 0))]
[(301, (212, 212, 212))]
[(301, (97, 97, 97))]
[(301, (0, 0, 0))]
[(301, (81, 81, 81))]
[(301, (0, 0, 0))]
[(301, (0, 0, 0))]
[(301, (128, 128, 128))]
[(301, (0, 0, 0))]
[(301, (188, 188, 188))]
[(301, (253, 253, 253))]
[(301, (255, 255, 255))]
[(301, (119, 119, 119))]
[(301, (0, 0, 0))]
[(301, (0, 0, 0))]
[(301, (255, 255, 255))]
[(301, (38, 38, 38))]
[(301, (0, 0, 0))]
[(301, (0, 0, 0))]
[(301, (255, 255, 255))]
[(301, (229, 229, 229))]
[(301, (0, 0, 0))]
[(301, (119, 119, 119))]
[(301, (90, 90, 90))]
[(301, (255, 255, 255))]
[(301, (147, 147, 147))]
[(301, (255, 255, 255))]
[(301, (255, 255, 255))]
[(301, (255, 255, 255))]
[(301, (47, 47, 47))]
[(301, (99, 99, 99))]
[(301, (0, 0, 0))]
[(301, (255, 255, 255))]
[(301, (0, 0, 0))]
[(301, (255, 255, 255))]
[(301, (0, 0, 0))]
[(301, (255, 255, 255))]
[(301, (0, 0, 0))]
[(301, (252, 252, 252))]
[(301, (0, 0, 0))]
[(301, (111, 111, 111))]
[(301, (0, 0, 0))]
[(301, (0, 0, 0))]
[(301, (255, 255, 255))]
[(301, (0, 0, 0))]
[(301, (0, 0, 0))]
[(301, (0, 0, 0))]
[(301, (0, 0, 0))]
[(301, (255, 255, 255))]
[(301, (0, 0, 0))]
[(301, (0, 0, 0))]
[(301, (0, 0, 0))]
[(301, (255, 255, 255))]
[(301, (255, 255, 255))]
[(301, (184, 184, 184))]
[(301, (0, 0, 0))]
[(301, (185, 185, 185))]
[(301, (61, 61, 61))]
[(301, (255, 255, 255))]
[(301, (150, 150, 150))]
[(301, (0, 0, 0))]
[(301, (147, 147, 147))]
[(301, (255, 255, 255))]
[(301, (255, 255, 255))]
[(301, (0, 0, 0))]
[(301, (255, 255, 255))]
[(301, (82, 82, 82))]
[(301, (26, 26, 26))]
[(301, (255, 255, 255))]
[(301, (240, 240, 240))]
[(301, (32, 32, 32))]
[(301, (0, 0, 0))]
[(301, (55, 55, 55))]
[(301, (0, 0, 0))]
[(301, (22, 22, 22))]
[(301, (255, 255, 255))]
[(301, (0, 0, 0))]
[(301, (255, 255, 255))]
[(301, (134, 134, 134))]
[(301, (214, 214, 214))]
[(301, (255, 255, 255))]
[(301, (255, 255, 255))]
[(301, (159, 159, 159))]
[(301, (255, 255, 255))]
[(301, (182, 182, 182))]
[(301, (255, 255, 255))]
[(301, (78, 78, 78))]
[(301, (255, 255, 255))]
[(301, (229, 229, 229))]
[(301, (0, 0, 0))]
[(301, (248, 248, 248))]
[(301, (202, 202, 202))]
[(301, (0, 0, 0))]
[(301, (191, 191, 191))]
[(301, (173, 173, 173))]
[(301, (0, 0, 0))]
[(301, (255, 255, 255))]
